{
K: [[365.8046307762528, 0.0, 254.31510758228475],
    [0.0, 365.80463336811664, 206.98513348550657],
    [0.0, 0.0, 1.0]],
Pcw: [[-0.2344246756919235, -0.08587871617237139, 0.9683335776143677, -1420.8071614139046],
      [0.9721213263411098, -0.025852381998757123, 0.23304888160612952,  2228.191040725734],
      [-0.00465548769773797, -0.9958354717785106, -0.09104965448720204, 1995.0712481060305],
      [1.330387592012716e-17, -8.660422666218136e-17, 1.295424590366671e-17, 0.9999999999999996]],

Pwc: [[-0.23443247647948617, 0.9721213263410869, -0.005019796853989303, -2489.1405189269517],
      [-0.08742646024619505, -0.025852381998813973, -0.9959713329033875, 1920.4216753497035],
      [0.9681944241507514, 0.233048881606067, -0.08954507585857618, 1034.9889476835274],
      [-1.6994869053710282e-17, -1.8190879575233354e-17, -8.502855537717569e-17, 1.0000000000001863]],
dist: [0.0878958787229031, -0.2702768047075843, 0.0, 0.0,  0.09939543207758726]
}
